8311 8310 8312 8314 8315 154276 154272 154269 154262 154264 123573 123536 123498 123494 123493 123489 123490 123491 123492 123495 123496 123497 123499 123502 123503 123516 123551 123568 123582 132279 132278 132280 132282 132284 132287 132291 132288 132289 132293 132302 132315 132326 132330 132316 132351 132364 132380 159222 159224 159225 159226 159229 159231 159235 159238 159240 138611 138569 138563 138544 138534 138532 138541 138543 138570 138576 142074 142073 142059 142056 142047 142040 142009 142020 142024 142026 142030 142033 142036 142045 135558 135492 135470 135469 135462 135457 135451 135460 135476 135478 135517 135520 135528 135540 135548 123131 123124 123121 123120 123117 123118 123126 123132 123147 123163 123201 145635 142695 142689 142687 142692 142701 148555 148556 148557 134466 134443 134437 134435 134431 134406 134402 134387 134378 134388 134389 134396 134399 134454 134472 149496 149493 149469 149461 149458 149506 149511 142915 142871 142868 142867 142858 151267 131002 130981 130977 130992 131013 131030 144304 144312 144311 144288 144303 144307 144310 155485 155478 155472 155466 155496 155489 155503 155528 166835 166836 166837 166839 166843 166844 166867 163948 163934 163925 163937 163947 163956 171247 171235 171224 171209 171218 171226 171238 8797 8815 3292 3272 3249 3234 3233 3208 3239 3264 11302 8804 8791 8775 8812 14388 8806 8816 14362 17272 13373 13337 13328 13346 13374 18457 18461 18482 18485 18469 20263 18494 20257 20262 
6494.05 mins
4562.57 km
1.05 km
4561.52 km

30670 30663 30683 30673 30661 30643 30636 30632 30629 30627 30619 30617 30609 30608 24220 24203 24224 24230 14251 14228 14226 14224 14237 14227 14225 14216 14206 14202 14190 14217 6136 6124 16342 6134 6133 13256 13255 13254 13252 13253 3773 3767 3756 3752 3755 13662 13661 3660 3655 3662 3632 3628 3618 3622 3643 3648 3642 4902 4895 4880 4868 4865 4859 4864 4870 4878 4891 4905 4915 4939 4928 4955 11692 11690 11694 11700 11693 11691 11687 7377 7331 7303 7287 7302 7338 7378 6626 6631 12185 6605 6580 6573 6576 6579 6609 11178 11177 10154 10159 10164 10165 10167 10162 10184 10211 169709 169706 169704 169701 169711 169713 169716 169717 169718 169726 169746 169751 169753 169755 167114 167111 167108 167102 167106 167101 3544 3531 3497 3494 3481 3461 3444 3437 3436 3435 3432 3431 1050 1045 1038 1010 970 964 956 952 950 960 955 953 957 961 969 983 997 1017 1025 5760 1049 1043 
3279.79 mins
1804.06 km
2.99 km
1801.07 km

32152 32147 32132 32127 32130 32204 38878 38871 38891 38893 38915 38928 38932 42305 42293 42300 42339 45544 45529 45518 43683 45527 45540 45537 45554 50177 50178 50179 50184 50211 50232 50261 50289 54682 46477 54688 54690 54700 54697 54693 54710 54725 54736 54749 54787 57723 57766 59112 59110 59107 59118 59138 59151 59164 69695 63983 63967 70106 63982 70117 67312 67290 67283 67293 67306 74313 74314 74315 74316 74317 74320 74337 74319 74322 74323 74324 74326 74329 74344 74350 74354 74356 74380 74384 74391 74410 110032 110033 110035 110036 110045 110059 110069 110074 110080 110089 110106 110120 110134 110100 110109 110138 128119 128121 128123 128126 128127 128128 128135 128139 128148 128152 128159 128163 128176 128184 128197 128222 134013 134018 134026 134032 134048 134069 137318 137332 144104 144121 144122 144123 144097 144102 144129 144159 144173 144190 150490 150462 150475 150484 150501 153955 153970 153979 154003 154008 154043 163287 163277 163268 163270 163250 163253 163255 163248 163243 163269 163276 163292 163311 163314 172232 172229 167678 173125 173126 173129 173132 173127 167654 167669 221 185 176 167 181 184 160 158 142 146 163 153 157 162 186 191 2751 2746 2726 2745 12597 12595 12592 12590 12589 12586 12587 11114 11085 11180 11181 11182 11184 11185 11187 11188 11201 11205 11208 3052 3017 3055 3065 5913 5909 5906 5905 5908 5923 5928 5935 5938 5945 5956 5970 20414 20418 19286 19266 19282 19285 19272 19292 29429 29425 29420 29423 29426 29430 29433 29434 29436 29437 29445 29449 29460 29462 29470 29488 29498 29495 63748 57276 63768 63763 63765 63769 63771 63772 63773 63775 63778 63789 63785 63804 63806 63832 80833 80835 78637 78633 86017 86010 86003 86001 86005 86014 86015 86023 86031 93300 93301 93302 93303 93310 93312 93319 93321 93323 93326 93328 93329 93333 93334 93343 93360 93366 93372 93410 93413 93416 115556 115578 115582 115587 125657 125658 125659 125660 125664 125666 125672 125674 125683 125686 125687 125690 125692 125697 125719 125738 125748 125749 125751 150641 150640 12931 12929 12927 12921 12923 12928 11903 11901 11868 11874 11884 11892 11893 11894 11895 12856 12855 12853 10131 10125 24365 24366 24368 24373 24374 24376 
9621.86 mins
6195.05 km
0.00 km
6195.05 km

